#inter_dest_num inter_destination curb_usage
1 281 1381
1 785 4582
1 218 5924
1 1354 3017
1 46 4531
1 277 6485
1 24 1376
1 608 6467
1 1493 6460
1 1299 6495
1 589 5500
1 281 4202
1 2235 1217
1 1275 4507
1 705 986
1 2476 6780
1 1120 3742
1 2018 3445
1 1031 6529
1 61 3074
1 1688 6479
1 839 6499
1 2092 5625
1 578 4508
1 1019 6502
1 530 957
1 530 4498
1 975 6723
1 1063 6453
1 1634 2035
1 1634 6506
1 2448 2916
1 797 1832
1 2448 5949
1 2431 6778
1 420 6451
1 2606 4575
1 2529 1835
1 2451 1722
1 1235 724
1 217 2076
1 393 3279
1 217 3297
1 2327 3541
1 987 1820
1 46 6777
1 1390 6774
1 648 1078
1 18 4417
1 1772 4415
1 1772 1214
1 2476 2631
1 1605 3850
1 2470 6493
1 46 6450
1 630 1031
1 1634 243
1 319 6489
1 619 4353
1 2207 6053
1 2615 4159
1 393 4578
1 1886 524
1 1993 3798
