4241 2368 1891 880 991 18 281 1772 281 1772 5136
4245 17 896 2071 2012 861 517 1827 218 785 578 5007
4017 1931 390 1564 907 1954 2344 2593 1275 320 578 785 218 1435 5069
4160 1242 1659 1019 1688 2468 1354 1315 2673 1012 2169 2259 1432 493 2000 2279 94 218 1435 5069
4132 2633 361 724 357 1125 2269 798 1779 1120 1743 2250 2596 656 1515 46 330 46 2431 1853 1421 5047
4202 1421 1853 1416 1299 1771 2092 1886 540 277 845 474 602 1993 791 5234
4110 1769 24 352 2602 1893 1971 1634 2672 1330 5025
4166 332 2427 420 2213 46 1515 307 1292 608 1659 1019 1688 2468 2289 5234
4239 464 383 393 217 2606 1297 330 46 1515 656 2596 458 1493 1242 5198
4160 608 1292 1299 1416 2548 2076 5047
4166 593 10 2615 566 1120 95 707 1321 589 216 243 1358 5040
4241 2368 1891 880 991 18 281 1772 5136
4210 1385 329 2684 1480 2235 1740 5214
4245 17 896 2071 2012 861 517 1827 218 785 578 320 1275 2593 2344 5008
4234 1135 441 467 176 287 732 2107 614 1672 231 1174 530 1037 1045 513 2201 1034 1569 705 2220 5185
4212 2054 1943 1367 522 2309 1331 52 877 798 1779 1120 1743 2250 2596 2476 987 420 2213 5174
4212 2054 1943 1367 522 2309 1331 52 877 798 1779 273 566 1120 1743 5030
4245 17 2265 1378 2223 1689 1620 433 2447 282 111 1798 1633 1131 83 163 882 1297 1866 2018 420 2018 1866 2199 332 5191
4216 2498 703 604 2724 2519 2201 2004 223 2671 2518 2191 2702 1031 1491 1732 389 2482 5045
4146 1722 1916 649 1606 2095 1337 1814 575 532 2081 1664 473 61 1790 2124 5058
4236 791 1315 591 1688 2468 1354 1315 591 2207 319 1659 1242 5198
4236 791 1315 591 1688 839 2092 1771 1299 1416 2548 2076 5047
4236 1354 2468 540 839 2092 1771 1299 1416 1853 2431 46 330 5174
4177 851 1351 2584 2698 257 1577 785 578 320 578 785 218 1435 5069
4202 1421 1853 1416 1299 1771 1019 1659 1242 5198
4140 2464 929 85 138 467 176 287 732 2107 614 1672 231 1174 530 1590 530 1037 1045 513 1759 5173
4140 2464 929 85 138 467 176 287 732 2107 614 1672 231 1174 530 315 530 1037 1045 513 1759 5173
4197 219 2049 975 976 71 464 5126
4152 2470 2174 1909 2615 10 1063 2427 420 2213 5174
4232 1839 2586 1028 2181 1390 985 1819 1634 2672 1634 2672 1330 5025
4232 1839 2586 1028 2181 1390 985 1819 1634 1971 1634 2672 1330 5025
4110 186 24 352 2602 2448 2602 1893 1971 1634 1819 985 1419 730 5022
4220 1144 2181 797 2448 797 2448 1225 1035 1046 2540 5105
4110 186 24 352 2602 2448 797 2448 2602 1893 1971 1634 1819 985 1419 730 5022
4160 1794 307 630 2431 1853 2431 46 330 1297 1866 534 681 2567 1514 123 5126
4132 2633 361 724 357 1125 2269 798 1779 1120 1743 2250 2470 2174 629 2327 2427 420 2213 5174
4239 464 383 393 217 2606 1297 330 5174
4166 593 481 2154 999 2451 2529 2404 480 2165 1092 5020
4144 1344 480 2404 2529 2451 999 2154 233 10 593 5191
4215 176 287 732 2107 614 1672 231 1174 530 1590 1039 445 1473 1509 2029 1235 2191 2702 5056
4239 464 383 393 217 2606 217 2606 652 882 1421 5047
4236 1354 2468 540 1886 2092 1771 1299 1416 1853 2431 46 330 1297 2606 217 393 383 393 2567 1514 123 5126
4239 464 383 393 217 2606 652 882 1421 5047
4152 2470 2174 629 2327 2427 332 5191
4160 1242 1493 458 2596 2476 987 420 2213 5174
4132 2633 1523 2131 241 752 1384 1438 2418 707 505 1493 1794 307 630 2431 46 2431 1853 1421 5047
4205 832 1761 980 952 2107 614 1672 231 1174 530 1590 1039 445 1473 1509 829 628 1143 954 1390 2181 1144 5116
4104 603 799 329 2684 775 2328 18 1465 648 767 698 1980 1641 5024
4055 2675 1192 43 1480 1772 281 18 991 2057 5024
4104 603 799 329 2684 1480 1772 281 1772 281 107 2278 5067
4104 603 799 329 2684 1480 1772 281 107 2278 5067
4212 2054 1943 1367 522 2309 1331 52 877 798 1779 1120 1743 2250 2470 2174 629 2327 2476 987 420 2213 5174
4215 176 287 732 2107 1430 2121 11 2648 1852 588 1605 1238 8 2013 5022
4132 2633 361 724 357 1125 2269 798 1779 1120 1743 2250 2470 2174 629 2327 2427 332 5191
4132 2633 361 724 357 1125 2269 798 1779 1120 1743 2250 2596 656 987 420 2213 46 2431 1853 1421 5047
4212 2054 1943 1367 522 2309 1331 52 877 798 1779 1120 1743 2250 2596 656 1515 630 1416 2548 2076 5047
4232 1839 2586 1028 2181 1390 985 1819 1634 2672 1330 5025
4036 330 46 1515 307 1794 1493 1242 1659 1019 2207 319 1321 2297 267 1358 5040
4129 2267 712 2560 595 584 507 739 2284 2316 303 619 48 217 393 2567 1514 123 5126
4202 1421 1853 1416 1299 1771 1019 2207 589 216 243 1358 5040
4239 464 383 1514 1236 409 2048 446 2185 2199 2711 481 593 10 2615 566 1120 1743 5030
4236 1354 2468 540 1886 2092 1771 1299 1416 1853 2431 46 330 1297 2606 217 393 2567 1514 123 5126
4036 330 46 2431 1853 1416 1299 1771 2092 1886 540 2468 2289 5234
4056 1845 622 325 2708 602 1993 791 5234
