#EdgeId FromNodeId ToNodeId
4 1894 570
5 1895 796
6 1895 2686
32 1907 1655
33 1907 2212
34 1908 2410
35 1908 2648
36 1908 2121
37 1909 2615
38 1909 629
39 1910 508
40 1910 1256
41 1910 116
42 1910 2628
43 1911 1499
44 1911 1946
45 1911 1192
46 1893 1971
50 1892 320
51 1892 2346
55 1872 2331
56 1872 1987
57 1873 558
58 1873 2152
72 1881 1629
73 1881 388
83 1885 2680
84 1885 2447
85 1886 2092
86 1886 540
87 1886 1210
91 1888 1304
92 1888 2723
95 1891 880
96 1891 2368
97 1913 47
100 1915 1303
104 1939 669
105 1939 2437
106 1939 1231
107 1940 1856
108 1940 1763
109 1941 1616
110 1942 1282
111 1942 1657
112 1942 72
113 1942 2007
114 1943 1367
115 1943 2054
122 1946 1911
123 1946 2415
124 1946 2127
127 1948 1134
128 1949 1657
130 1950 437
131 1950 173
132 1951 2117
133 1951 1921
138 1954 2344
139 1954 1137
140 1954 831
153 1935 1459
154 1935 1976
159 1916 571
160 1916 1722
161 1916 649
162 1917 1663
163 1917 197
164 1917 2429
172 1921 1951
173 1921 825
174 1921 2577
175 1921 1226
176 1922 2021
177 1922 2204
178 1922 726
179 1923 2707
180 1923 2042
186 1927 863
187 1928 1261
188 1928 1307
189 1928 1383
192 1930 1722
193 1930 1451
194 1930 1624
195 1931 2077
196 1931 390
200 1933 2691
201 1933 2625
202 1933 2618
203 1933 2678
207 1870 673
208 1870 1513
209 1870 439
212 1825 114
213 1825 1860
228 1811 2719
229 1811 381
230 1812 2010
231 1812 2560
232 1813 1822
233 1815 336
234 1815 1583
243 1819 1634
244 1819 985
249 1822 26
250 1822 2318
251 1823 739
252 1823 2510
253 1805 872
254 1805 2075
255 1814 2095
256 1814 1337
257 1814 575
263 1784 1248
264 1784 2393
265 1784 2565
266 1785 2186
267 1785 2413
268 1785 1589
271 1787 1276
272 1787 6
278 1790 2348
279 1790 61
280 1790 2124
288 1802 2578
289 1802 195
295 1797 1755
296 1797 290
297 1797 679
298 1798 1837
299 1798 1633
303 1800 686
304 1800 2186
305 1801 2058
306 1801 892
307 1801 2324
308 1803 1767
311 1847 710
312 1847 631
313 1827 517
314 1827 1577
315 1827 218
318 1851 178
319 1852 2532
320 1852 2410
321 1852 2648
322 1852 588
323 1853 2548
324 1853 1416
325 1853 1421
326 1854 2719
331 1856 34
332 1856 1940
333 1856 1054
340 1868 102
341 1868 434
342 1868 435
343 1868 2292
344 1860 1825
345 1860 115
357 1865 404
358 1865 2565
359 1866 534
360 1866 2199
361 1866 2018
362 1867 1464
363 1867 1250
364 1867 1362
365 1867 1888
371 1848 2437
372 1848 1231
381 1830 1491
382 1830 389
383 1830 2660
391 1835 1420
392 1835 792
393 1835 1369
394 1837 66
395 1846 2469
396 1846 1590
397 1846 451
398 1846 2423
402 1839 2586
403 1839 305
404 1840 2102
408 1842 1522
409 1842 742
415 1845 2295
416 1845 622
419 1958 2184
420 1958 51
421 1958 838
428 2072 834
429 2072 2228
430 2072 310
434 2075 2436
435 2075 2597
436 2076 2650
437 2077 1717
438 2077 1931
441 2079 1592
442 2079 2022
443 2081 1664
444 2081 2261
445 2081 532
448 2082 2008
456 2087 478
457 2087 1571
463 2071 1003
464 2071 2295
465 2071 2012
473 2058 2366
474 2058 867
475 2058 1801
486 2053 525
487 2054 1943
488 2054 361
495 2057 1681
496 2057 991
497 2059 519
498 2059 2501
499 2059 2553
500 2068 34
501 2068 63
502 2060 344
515 2066 2663
516 2066 1475
517 2066 787
518 2067 2412
519 2067 154
520 2067 2308
524 2092 1886
526 2116 2713
527 2116 2304
528 2117 1951
529 2117 1439
530 2118 2331
531 2118 167
534 2120 2220
535 2120 1732
536 2121 841
537 2121 1430
538 2121 1908
539 2121 11
543 2123 2217
544 2123 1286
545 2124 1458
546 2124 1790
549 2126 999
550 2127 1946
551 2127 603
552 2127 1330
557 2129 2701
560 2131 1398
561 2131 241
562 2132 1388
563 2132 1983
564 2133 871
565 2134 742
566 2134 317
570 2114 2030
571 2113 1526
572 2113 56
573 2113 1236
574 2102 714
575 2102 2332
577 2095 1606
578 2095 1337
579 2096 2241
580 2096 569
581 2096 2234
586 2099 1258
587 2099 2621
588 2100 1014
589 2100 1981
598 2104 727
599 2104 78
605 2107 732
606 2107 614
607 2107 1430
618 2049 219
619 2049 1483
620 2049 2485
621 2135 535
623 2048 558
624 2048 446
625 2048 409
627 1983 2445
628 1983 1469
634 1987 1915
640 1990 243
643 2001 39
644 1993 602
645 1993 364
657 1999 2232
658 1999 537
659 2000 493
660 2000 2279
665 1981 1263
666 1969 1516
667 1961 637
668 1961 1080
684 1968 856
687 1979 1993
688 1979 2714
689 1971 2610
700 1976 1935
701 1976 381
702 1976 435
703 1977 2227
705 1977 297
709 1980 698
710 1980 849
711 1980 1641
718 2004 2201
719 2004 223
723 2029 1647
724 2029 1235
725 2029 1509
726 2029 454
727 2030 2217
728 2030 867
729 2031 1158
730 2031 1352
731 2031 1241
740 2035 1494
741 2035 1248
742 2035 1308
743 2036 2393
744 2036 1025
745 2037 2382
746 2037 2471
747 2037 397
754 2041 1574
755 2041 694
756 2042 2376
757 2042 1803
773 2024 1415
774 2024 387
775 2013 829
776 2013 8
777 2005 1506
778 2005 2586
780 2007 1942
781 2007 1436
782 2007 2322
783 2008 2480
784 2008 606
785 2009 2001
786 2010 2212
787 2010 1812
792 2012 837
793 2012 861
794 2012 2071
802 2015 68
803 2016 2691
804 2016 1746
808 2018 420
809 2018 1866
814 2021 144
815 2021 1185
816 2021 1922
817 2022 2132
826 1692 499
827 1539 584
841 1544 1069
842 1544 677
843 1544 2218
848 1548 549
849 1548 2553
850 1548 134
851 1557 1469
852 1557 1388
853 1557 1769
854 1557 768
860 1551 1251
865 1554 459
866 1554 2658
867 1554 2724
872 1556 1526
873 1556 56
877 1547 1179
878 1547 2594
879 1547 2384
880 1537 2480
881 1537 2376
882 1537 519
884 1525 2206
885 1525 348
888 1518 2480
890 1519 837
891 1519 1169
892 1519 1673
893 1519 2329
894 1520 814
895 1520 631
899 1522 1017
900 1523 2131
901 1523 2633
904 1526 2485
905 1526 1556
906 1526 2113
907 1526 1104
908 1535 733
909 1535 405
910 1535 2694
913 1528 1616
914 1528 1626
919 1531 2560
920 1531 2324
921 1532 373
922 1532 1398
926 1534 476
937 1583 555
938 1583 336
949 1588 749
950 1588 2374
951 1588 1385
952 1589 1754
953 1589 1785
954 1589 2483
955 1590 1174
956 1590 1846
957 1590 530
959 1592 1755
969 1596 2655
970 1596 2422
982 1581 2673
986 1569 705
995 1564 1638
996 1564 1137
997 1564 279
998 1564 390
999 1565 216
1001 1567 2653
1002 1567 870
1009 1579 1842
1010 1571 2627
1011 1571 1616
1012 1571 2087
1015 1573 434
1016 1573 2616
1017 1574 2041
1018 1574 2406
1019 1575 551
1020 1575 2374
1023 1577 785
1024 1577 1827
1025 1577 1638
1026 1577 257
1029 1516 1539
1030 1516 2665
1031 1515 630
1032 1515 307
1033 1515 656
1034 1515 46
1035 1514 383
1036 1514 123
1037 1514 2567
1038 1514 1236
1042 1451 1237
1043 1451 1217
1044 1451 1930
1051 1455 128
1053 1455 2343
1054 1456 2559
1055 1456 2241
1056 1457 1181
1057 1457 2296
1058 1458 2501
1059 1458 2124
1060 1458 63
1063 1469 1071
1064 1469 1557
1065 1469 1983
1074 1464 1362
1075 1464 1867
1076 1464 1384
1077 1465 1479
1078 1465 648
1079 1465 18
1092 1459 317
1093 1459 1935
1094 1449 2022
1095 1437 1406
1096 1429 1674
1097 1430 2107
1098 1430 2121
1099 1430 57
1100 1431 242
1101 1431 2383
1102 1431 2265
1103 1432 493
1104 1432 2259
1111 1435 218
1112 1435 1609
1113 1436 154
1114 1436 2007
1115 1438 2418
1116 1438 267
1117 1438 1384
1119 1439 1323
1120 1439 2721
1123 1441 1969
1124 1441 450
1128 1443 1873
1132 1445 1091
1133 1445 271
1134 1445 2350
1151 1496 1356
1152 1496 2355
1157 1499 1911
1158 1499 2684
1164 1502 1426
1165 1502 2325
1168 1513 1320
1169 1513 1870
1172 1506 2622
1173 1506 2005
1174 1507 499
1175 1507 2608
1176 1508 2407
1177 1508 109
1178 1509 1238
1179 1509 829
1180 1509 1473
1181 1509 2029
1189 1494 110
1190 1494 2035
1191 1494 2126
1195 1473 2469
1196 1473 2626
1197 1473 1509
1198 1473 445
1201 1475 1629
1202 1475 2066
1203 1475 1756
1209 1478 525
1210 1478 2195
1211 1479 1465
1212 1479 986
1213 1479 213
1214 1480 1772
1215 1480 43
1216 1480 2684
1217 1480 2235
1221 1491 673
1222 1491 1830
1223 1491 1732
1224 1483 2049
1225 1483 71
1232 1486 110
1233 1486 2615
1234 1486 273
1237 1488 1631
1246 1605 1238
1247 1605 588
1248 1717 2584
1249 1717 2077
1250 1717 1747
1254 1719 308
1255 1719 2114
1260 1722 1916
1261 1722 1930
1271 1727 287
1281 1731 2082
1282 1732 389
1283 1732 1491
1284 1732 702
1285 1732 2120
1290 1734 1282
1291 1734 1164
1292 1734 1676
1296 1725 2347
1297 1725 37
1303 1695 1840
1304 1695 2490
1305 1695 187
1306 1696 1184
1307 1697 1655
1308 1697 2577
1316 1700 2683
1319 1702 101
1320 1702 873
1321 1702 2524
1349 1714 1865
1356 1738 2211
1357 1738 1051
1358 1761 2234
1359 1761 1305
1360 1761 832
1363 1763 1940
1364 1763 1551
1365 1763 1329
1371 1767 2261
1372 1767 2238
1376 1769 24
1377 1770 1742
1378 1770 1282
1379 1770 1676
1380 1771 1299
1381 1772 281
1382 1772 1480
1388 1776 2168
1394 1779 1120
1395 1779 798
1396 1779 506
1397 1779 273
1401 1759 1008
1405 1747 1717
1407 1740 841
1408 1740 2235
1412 1742 1770
1413 1742 2272
1414 1743 2250
1415 1743 1120
1416 1744 1389
1420 1746 2396
1421 1746 96
1422 1746 2016
1428 1749 389
1429 1749 1664
1430 1750 53
1431 1750 2535
1432 1750 359
1433 1751 869
1434 1751 497
1435 1751 2225
1439 1753 571
1440 1753 1606
1441 1753 453
1442 1754 2186
1443 1754 1589
1444 1754 2678
1445 1754 1311
1446 1755 1813
1447 1756 1676
1448 1756 1475
1453 1693 1616
1454 1693 1007
1458 1629 1475
1459 1629 1881
1462 1631 470
1463 1631 1198
1464 1632 1437
1465 1632 195
1466 1633 1131
1467 1634 1819
1468 1634 2672
1477 1638 1577
1478 1638 1564
1484 1641 819
1485 1641 1980
1488 1643 2133
1489 1643 1404
1500 1626 1528
1501 1626 1226
1502 1626 2422
1506 1606 2095
1507 1606 649
1508 1606 1753
1509 1606 2565
1510 1607 1161
1511 1607 1092
1515 1609 1435
1516 1609 517
1517 1609 2708
1531 1624 1930
1532 1616 1693
1533 1616 1941
1534 1616 1528
1535 1616 1571
1544 1620 433
1545 1620 2645
1557 1647 2626
1558 1647 2029
1563 1672 614
1564 1672 231
1565 1673 1519
1566 1673 20
1567 1674 1365
1568 1674 2296
1572 1676 1770
1573 1676 1734
1574 1676 1077
1575 1676 1756
1576 1677 1254
1577 1677 1231
1578 1678 197
1579 1678 855
1580 1679 834
1581 1679 552
1582 1680 2341
1583 1680 2272
1584 1681 819
1585 1681 2057
1586 1681 880
1587 1682 2546
1588 1682 368
1595 1685 287
1596 1685 778
1603 1689 1620
1609 1669 840
1611 1669 1341
1612 1669 855
1616 1650 274
1617 1650 2630
1620 1652 738
1623 1654 279
1624 1654 463
1625 1654 547
1626 1655 1697
1627 1655 1907
1628 1655 825
1633 1657 1949
1634 1657 1942
1635 1657 1264
1638 1660 2413
1639 1660 2429
1642 1662 2272
1643 1663 796
1644 1663 1917
1645 1664 2081
1646 1664 1749
1647 1664 473
1648 1664 847
1660 2136 2082
1661 2136 1534
1662 2415 362
1663 2415 1946
1664 2415 1281
1666 2540 768
1670 2542 2079
1677 2546 1211
1678 2546 1682
1689 2552 513
1690 2552 2425
1691 2553 2059
1692 2553 519
1693 2553 1548
1711 2524 1702
1712 2524 866
1719 2528 2518
1720 2529 68
1721 2529 2404
1722 2529 2451
1723 2531 673
1724 2531 424
1725 2531 1144
1726 2532 2469
1727 2532 1852
1730 2534 1254
1731 2534 851
1738 2577 1007
1739 2577 1921
1740 2577 1697
1741 2580 503
1743 2582 2282
1744 2582 2272
1747 2586 1839
1748 2586 2005
1749 2586 2556
1752 2588 2417
1754 2588 635
1763 2559 1456
1764 2559 2148
1765 2560 712
1766 2560 1531
1767 2560 595
1768 2560 1812
1778 2564 2419
1779 2564 1294
1780 2565 1606
1781 2565 1784
1784 2568 2301
1785 2568 862
1786 2568 828
1787 2569 140
1790 2571 2168
1791 2571 1185
1796 2519 2201
1797 2519 2425
1798 2519 2724
1803 2466 2348
1804 2466 2304
1805 2469 1238
1806 2469 2532
1807 2469 1473
1808 2469 1846
1809 2471 821
1810 2471 2037
1814 2474 2184
1815 2474 19
1816 2474 489
1819 2476 2327
1820 2476 987
1823 2462 1113
1824 2462 1381
1825 2461 1272
1826 2461 288
1830 2447 282
1831 2448 2602
1832 2448 797
1833 2448 1225
1834 2451 999
1835 2451 2529
1840 2460 1322
1841 2460 1012
1842 2454 2535
1843 2454 1750
1858 2480 1518
1859 2480 1537
1860 2480 2008
1872 2507 1386
1878 2510 322
1879 2510 1823
1891 2498 1284
1892 2498 703
1893 2483 1589
1894 2483 2147
1898 2485 2049
1899 2485 1526
1900 2485 664
1901 2594 1547
1902 2594 1099
1909 2490 741
1910 2490 1695
1911 2490 726
1914 2493 180
1915 2493 6
1916 2494 245
1924 2518 2671
1925 2518 2528
1926 2518 2191
1927 2593 2344
1928 2593 1275
1929 2593 781
1930 2694 808
1940 2702 2191
1947 2706 427
1950 2680 2625
1951 2680 1885
1952 2680 990
1953 2680 559
1956 2675 2410
1957 2675 1192
1958 2676 152
1959 2676 1263
1960 2676 2114
1963 2678 1754
1964 2678 1933
1965 2678 1193
1966 2678 2147
1967 2679 2619
1968 2681 1948
1969 2681 2200
1970 2673 1012
1971 2673 1315
1972 2683 2332
1973 2683 234
1976 2686 2329
1977 2686 2389
1978 2686 1895
1979 2707 2059
1980 2707 2136
1981 2708 602
1982 2708 325
1983 2708 1609
1985 2723 1888
1986 2723 1464
1987 2714 2408
1988 2712 639
1989 2712 405
1990 2712 2320
1991 2727 1074
1992 2727 1165
1995 2713 2116
1996 2713 2226
1997 2710 95
1998 2710 458
2002 2716 712
2003 2716 825
2004 2711 2185
2005 2711 1173
2006 2711 481
2007 2724 2519
2008 2724 1554
2009 2724 604
2011 2671 2518
2012 2671 223
2015 2615 1909
2016 2615 566
2017 2615 10
2018 2615 1486
2019 2616 1573
2020 2616 337
2021 2616 2608
2025 2618 990
2026 2618 1933
2027 2619 2679
2028 2619 1305
2029 2619 1329
2030 2621 631
2031 2621 2238
2035 2672 1634
2036 2672 1281
2037 2672 1330
2038 2625 1933
2039 2625 2680
2040 2626 1647
2041 2626 1008
2042 2626 1473
2043 2626 223
2044 2627 118
2045 2627 1571
2048 2630 1650
2049 2630 1294
2055 2611 1087
2056 2611 1136
2057 2596 2250
2058 2596 656
2059 2597 2189
2074 2605 763
2075 2605 543
2076 2606 217
2077 2606 1297
2078 2606 652
2079 2607 64
2080 2607 310
2081 2608 1507
2082 2608 2616
2083 2608 1186
2084 2610 985
2085 2610 1291
2086 2610 1971
2087 2622 1506
2088 2622 857
2089 2633 1523
2090 2633 361
2091 2661 87
2094 2654 1248
2098 2658 1554
2099 2658 2387
2102 2660 1830
2103 2660 2690
2115 2653 259
2119 2650 1181
2120 2650 691
2121 2635 1302
2122 2635 1365
2123 2637 1079
2124 2637 696
2125 2639 1803
2132 2644 1345
2133 2644 37
2134 2645 520
2135 2645 2694
2139 2648 451
2140 2648 1908
2141 2648 11
2142 2648 1852
2146 2445 1347
2156 2238 2621
2157 2238 671
2163 2241 1456
2164 2241 2345
2165 2241 2096
2182 2248 2024
2183 2248 679
2184 2233 2494
2185 2232 74
2186 2232 635
2187 2232 1999
2191 2215 1157
2192 2215 520
2196 2217 2030
2197 2217 1218
2198 2217 2706
2199 2218 1544
2200 2218 274
2201 2218 200
2204 2220 705
2205 2220 2120
2206 2221 102
2207 2221 1377
2210 2223 1689
2214 2225 2235
2215 2225 1188
2216 2225 869
2217 2225 1751
2218 2226 2713
2219 2226 63
2220 2227 1977
2221 2227 543
2222 2228 616
2223 2250 1743
2224 2250 2596
2225 2252 2375
2226 2272 2582
2227 2272 1680
2228 2272 1662
2229 2272 1742
2236 2276 1652
2237 2276 1513
2241 2278 107
2242 2278 991
2243 2282 2582
2244 2282 2715
2248 2284 2316
2249 2284 739
2250 2286 444
2251 2286 1404
2258 2269 1125
2259 2269 798
2266 2254 585
2267 2254 186
2269 2259 178
2270 2259 1432
2274 2261 2081
2275 2261 692
2276 2263 1072
2277 2263 2151
2281 2266 674
2282 2267 712
2283 2267 2324
2286 2212 712
2287 2212 2010
2288 2212 1907
2289 2174 566
2290 2174 629
2300 2165 1092
2301 2165 480
2302 2165 1273
2306 2168 101
2307 2168 807
2308 2168 2571
2309 2168 1776
2310 2169 1012
2311 2169 178
2312 2169 2259
2313 2169 2542
2328 2154 999
2329 2154 233
2330 2154 481
2331 2139 134
2332 2139 2501
2335 2142 2302
2336 2142 741
2343 2151 1894
2344 2151 2263
2345 2152 2589
2346 2152 1714
2362 2199 2185
2363 2199 332
2364 2199 2711
2365 2200 1224
2366 2201 513
2367 2201 2519
2368 2201 2004
2374 2204 1508
2375 2205 2301
2376 2205 518
2377 2206 754
2378 2206 1525
2382 2210 657
2383 2210 1381
2384 2210 2342
2385 2195 1237
2386 2195 720
2387 2195 1478
2395 2178 2395
2396 2178 821
2397 2179 842
2398 2179 468
2399 2179 1386
2403 2182 2411
2404 2182 192
2405 2184 1958
2406 2184 2474
2407 2186 1785
2408 2186 2389
2409 2186 1754
2410 2186 1800
2415 2188 485
2416 2188 359
2417 2189 528
2418 2189 273
2419 2189 1136
2422 2191 646
2423 2191 1235
2424 2191 2702
2425 2191 2518
2426 2289 364
2430 2389 2186
2431 2389 2686
2432 2391 1805
2436 2393 2036
2437 2393 1784
2438 2393 475
2442 2395 1003
2443 2395 2178
2444 2396 990
2445 2396 639
2446 2396 1746
2447 2397 175
2448 2397 2556
2461 2387 705
2462 2387 2658
2466 2384 274
2467 2384 1547
2477 2373 1190
2478 2374 1588
2479 2374 1575
2480 2374 2161
2481 2375 1111
2482 2375 1359
2483 2375 2655
2490 2382 517
2491 2382 2037
2492 2385 300
2493 2404 189
2494 2404 480
2495 2404 2529
2496 2406 1007
2497 2406 219
2498 2406 1574
2499 2428 634
2500 2428 2234
2501 2429 1660
2502 2429 1393
2503 2429 1917
2506 2434 1840
2507 2434 1695
2508 2436 1652
2509 2436 1513
2510 2437 430
2511 2437 1939
2512 2437 1848
2513 2438 226
2514 2438 2460
2518 2440 1091
2519 2440 2211
2520 2440 2383
2521 2425 2519
2522 2425 192
2523 2425 2552
2525 2423 231
2526 2423 1846
2527 2423 11
2528 2422 1626
2529 2422 1596
2530 2407 2580
2531 2407 562
2535 2410 362
2536 2410 1908
2537 2410 1852
2538 2410 2675
2539 2411 2182
2540 2411 2364
2541 2411 703
2542 2413 1393
2543 2413 1785
2544 2413 1660
2552 2417 2588
2553 2417 819
2554 2417 1081
2555 2417 698
2559 2368 1891
2560 2368 447
2561 2433 2301
2562 2433 45
2563 2367 549
2577 2316 303
2578 2316 2284
2579 2316 2665
2583 2318 1815
2584 2319 1307
2585 2319 1176
2586 2319 1383
2587 2319 2166
2588 2320 544
2590 2322 2311
2591 2322 2007
2592 2324 2267
2593 2324 1801
2594 2325 175
2595 2325 1502
2601 2309 1331
2602 2309 522
2603 2307 1940
2604 2307 1054
2605 2292 1868
2606 2292 772
2610 2295 1845
2611 2295 2071
2612 2296 1457
2613 2296 163
2614 2297 2418
2615 2297 216
2616 2297 1321
2620 2300 115
2621 2300 1099
2627 2308 2311
2628 2308 2067
2629 2308 878
2630 2327 629
2631 2327 2476
2632 2327 2427
2633 2328 551
2634 2328 281
2635 2328 775
2636 2328 18
2637 2329 669
2638 2329 1519
2639 2329 2686
2640 2350 2383
2641 2350 1286
2652 2365 2580
2653 2365 562
2654 2365 409
2655 2358 1429
2656 2358 182
2660 2360 2217
2661 2360 1107
2662 2360 1218
2667 2348 1790
2668 2348 2466
2669 2347 1725
2670 2347 1221
2671 2347 294
2672 2345 2241
2674 2331 83
2675 2332 2571
2676 2332 2524
2683 2336 1000
2692 2341 2302
2693 2341 1680
2694 2344 2593
2695 2344 1954
2701 2343 1455
2702 2343 1106
2703 2342 2210
2704 2342 1261
2705 2342 577
2706 2342 1383
2710 2346 94
2711 2346 1892
2712 2346 785
2713 2364 2411
2714 2364 1284
2718 2355 1275
2731 2304 2116
2732 2304 2466
2733 2302 2341
2734 2302 2142
2735 2302 144
2736 2302 388
2737 2301 2568
2738 2301 2205
2739 2301 2433
2744 2311 2322
2745 2311 2308
2746 2419 1730
2747 2419 878
2748 2419 2564
2750 2418 2297
2751 2418 1438
2752 2418 707
2753 2418 506
2754 2412 114
2755 2412 154
2756 2412 2067
2757 2408 995
2758 2408 1872
2761 2435 657
2762 2435 2148
2763 2435 193
2766 2427 2327
2767 2427 332
2774 2383 2440
2775 2383 1431
2776 2383 2350
2777 2383 1088
2782 2376 1086
2783 2376 1537
2784 2376 2042
2800 2279 1304
2801 2279 2000
2802 2279 1079
2803 2279 94
2804 2185 534
2805 2185 446
2806 2185 2199
2808 2181 1144
2809 2181 1390
2810 2181 797
2811 2211 2440
2812 2211 249
2813 2211 1738
2817 2207 589
2825 2148 2559
2826 2148 2435
2827 2148 1391
2828 2147 2691
2829 2147 2678
2830 2147 2483
2841 2166 2319
2844 2161 2374
2845 2161 585
2849 2265 1431
2850 2265 1378
2851 2265 17
2852 2262 1158
2853 2262 317
2854 2262 211
2855 2258 774
2856 2258 2318
2870 2251 733
2871 2251 45
2873 2229 669
2874 2229 796
2877 2235 107
2878 2235 1740
2879 2235 1480
2880 2235 2225
2881 2234 2428
2882 2234 1761
2883 2234 2096
2884 2366 1410
2885 2366 892
2902 2665 371
2903 2665 1516
2904 2665 2316
2905 2663 402
2906 2663 2066
2907 2663 1264
2911 2655 1359
2912 2655 1596
2915 2602 1893
2916 2602 2448
2920 2614 549
2921 2614 51
2922 2628 1910
2932 2721 2676
2933 2721 1439
2937 2715 2282
2938 2715 1072
2939 2719 1811
2940 2719 1352
2941 2719 1854
2942 2719 447
2947 2684 329
2948 2684 1480
2949 2684 775
2950 2684 1499
2951 2682 639
2952 2688 109
2953 2688 765
2954 2690 888
2955 2690 2660
2956 2691 2016
2957 2691 848
2958 2691 1933
2959 2691 2147
2963 2701 53
2964 2701 729
2965 2701 2129
2966 2698 257
2967 2698 2584
2977 2595 855
2978 2595 84
2992 2501 2059
2993 2501 1731
2994 2501 1458
2995 2482 389
2996 2482 888
3017 2468 1354
3023 2567 681
3024 2567 393
3025 2567 1514
3027 2576 489
3028 2576 2474
3033 2589 204
3034 2584 2698
3035 2584 1717
3036 2584 1351
3042 2578 1579
3043 2556 2586
3044 2556 2397
3051 2535 1488
3052 2548 2076
3059 1730 2419
3060 1426 1502
3061 1426 439
3062 1069 1179
3063 1069 1544
3064 1069 148
3067 470 1130
3074 473 61
3075 473 702
3076 473 1664
3077 474 602
3078 474 1118
3079 475 2393
3080 475 91
3081 476 470
3082 476 1968
3083 478 741
3084 478 1333
3085 478 2087
3092 480 2165
3093 480 2404
3094 480 2015
3095 481 593
3096 481 2154
3097 481 2711
3098 482 68
3099 482 1308
3100 482 1273
3101 483 1373
3102 483 1696
3106 485 1787
3107 486 356
3108 486 180
3109 486 359
3113 467 176
3114 467 138
3115 467 441
3116 455 1173
3117 447 2719
3119 447 366
3124 450 2653
3125 451 1846
3126 451 2648
3129 453 252
3130 453 1753
3131 453 56
3132 454 646
3133 454 829
3134 454 2029
3141 458 2710
3142 459 1554
3143 459 703
3152 463 871
3153 463 727
3154 463 1654
3155 464 383
3159 489 150
3163 513 1759
3164 513 2201
3170 516 102
3171 516 434
3172 516 374
3173 517 1827
3174 517 861
3175 517 1609
3176 517 2382
3177 518 14
3178 518 1088
3179 518 2205
3180 519 2059
3181 519 2639
3182 519 1537
3183 520 544
3184 520 2215
3185 521 2727
3186 522 2309
3187 522 1367
3188 522 1700
3193 525 1146
3194 525 2053
3195 525 1478
3202 528 2060
3203 529 1802
3204 530 1174
3205 530 1590
3206 530 315
3217 499 1507
3218 499 1692
3219 499 125
3220 491 1350
3221 491 1133
3224 493 2000
3225 493 1432
3233 497 1751
3234 497 251
3235 497 437
3236 497 869
3250 503 2336
3251 503 2060
3254 506 2418
3255 506 1779
3256 507 584
3257 507 739
3258 508 754
3259 508 374
3260 508 1910
3261 508 989
3262 446 2048
3263 446 2185
3264 446 91
3265 532 2081
3266 532 2099
3267 532 575
3268 445 1008
3269 445 1473
3270 443 2454
3273 381 1811
3274 381 2134
3275 381 1976
3276 382 405
3277 382 2320
3278 383 1514
3279 383 393
3283 387 1532
3284 389 1749
3285 389 1732
3286 389 1830
3287 389 2482
3291 390 1931
3292 390 1564
3297 393 217
3298 393 89
3299 393 2567
3300 393 383
3304 395 2639
3305 395 2082
3308 397 2037
3311 388 2302
3312 388 1881
3315 366 124
3316 366 2368
3317 366 447
3319 359 485
3320 359 486
3321 359 1750
3323 361 724
3324 361 2054
3325 361 2633
3326 362 2410
3327 362 2415
3328 362 588
3331 364 474
3332 364 277
3340 368 1682
3341 368 807
3349 371 619
3350 371 303
3351 371 2665
3353 373 890
3354 373 2391
3355 374 508
3356 374 516
3370 424 2531
3371 424 646
3372 424 1390
3377 427 2373
3378 427 2223
3383 430 84
3384 430 2437
3390 433 2447
3391 433 1885
3392 434 1573
3393 434 516
3394 434 1868
3395 435 1868
3396 435 1976
3399 437 497
3400 437 237
3401 437 1950
3405 439 1426
3406 439 305
3407 439 1870
3410 441 467
3411 441 1135
3420 421 616
3421 421 1343
3422 421 1208
3423 410 1022
3425 410 96
3426 402 2663
3429 404 815
3430 404 1753
3431 405 1535
3432 405 2712
3438 408 175
3439 408 1496
3440 409 2048
3441 409 2567
3442 409 1236
3445 420 2018
3446 420 987
3465 419 1125
3466 419 2611
3467 444 2607
3468 444 1298
3472 534 2606
3473 534 1866
3474 534 681
3475 535 2135
3476 535 887
3477 535 205
3479 648 767
3480 648 1465
3481 649 1606
3482 649 1217
3483 649 1916
3490 652 882
3491 652 2358
3494 654 1208
3495 654 552
3499 656 2596
3500 656 1515
3501 656 987
3502 657 2210
3503 657 2435
3504 657 1083
3505 658 2012
3506 659 2233
3507 659 676
3513 662 1221
3514 662 1081
3516 663 1393
3517 663 1262
3518 664 109
3519 664 2485
3520 646 424
3521 646 454
3522 646 1143
3523 646 2191
3538 628 829
3539 628 1143
3540 629 1909
3541 629 2327
3542 629 2174
3543 630 1416
3544 630 307
3545 630 1515
3546 631 1520
3547 631 692
3548 631 2621
3549 631 1847
3551 634 2428
3552 634 521
3556 635 2232
3557 635 2588
3560 637 1961
3561 637 1296
3562 637 1333
3565 639 2682
3566 639 2712
3567 639 2396
3576 666 1382
3577 666 1181
3578 666 691
3585 669 2329
3586 669 1939
3587 669 2229
3588 669 1254
3589 692 2261
3590 692 1258
3591 692 631
3595 694 1296
3596 694 2041
3597 695 1459
3598 695 1405
3599 696 1449
3600 696 2355
3602 698 2417
3603 698 767
3604 698 1980
3613 702 473
3614 702 1732
3615 703 2411
3616 703 459
3617 703 2498
3618 703 604
3621 705 2220
3622 705 2387
3623 705 1569
3627 707 2418
3628 707 1321
3632 709 169
3633 709 522
3634 710 1211
3635 710 671
3636 710 1847
3637 691 1416
3638 691 2650
3649 671 710
3650 671 258
3651 671 2238
3654 673 2531
3655 673 1491
3656 673 1870
3657 674 1208
3659 674 2266
3663 676 1342
3664 676 2233
3665 677 1544
3666 677 14
3667 679 585
3668 679 1797
3675 681 534
3676 681 446
3677 681 2567
3688 686 837
3689 686 1800
3690 686 1425
3697 622 1845
3698 622 82
3699 622 325
3700 622 1190
3703 558 1700
3704 559 2680
3705 559 792
3711 562 252
3717 567 1137
3718 567 279
3719 567 547
3724 569 2096
3725 570 2721
3726 571 1916
3727 571 204
3728 571 2688
3729 571 109
3735 575 532
3736 575 1814
3737 575 1025
3741 566 2615
3742 566 1120
3743 566 273
3744 566 2174
3748 544 594
3751 537 1340
3752 537 1999
3757 540 1886
3758 541 709
3760 543 2227
3761 543 1082
3765 554 995
3766 554 845
3770 547 580
3771 547 831
3772 547 1654
3773 547 567
3776 549 1548
3777 549 2367
3778 549 2614
3781 551 1575
3782 551 294
3783 551 2328
3784 552 1679
3785 552 654
3789 555 579
3790 555 1583
3791 555 986
3792 577 2342
3793 578 785
3794 578 320
3795 579 555
3796 579 294
3797 579 1813
3798 602 1993
3799 602 2708
3800 602 1851
3801 603 2127
3802 603 799
3803 604 703
3804 604 2724
3807 606 2639
3808 606 1534
3809 606 2139
3823 614 1672
3824 614 2107
3828 616 1106
3829 616 421
3834 619 303
3835 619 89
3836 619 371
3837 619 48
3848 588 362
3849 588 1852
3850 588 1605
3851 580 290
3852 580 547
3853 580 37
3861 584 507
3862 584 595
3863 584 2510
3864 585 2161
3865 585 1071
3866 585 2254
3867 585 679
3874 589 1581
3875 589 216
3879 590 443
3880 590 2493
3881 590 1386
3883 593 10
3884 593 481
3885 594 1209
3886 594 111
3887 595 584
3888 595 870
3889 595 2560
3890 596 313
3891 596 241
3894 357 1087
3895 357 872
3896 357 724
3897 357 1125
3898 356 486
3899 356 1156
3908 114 1825
3909 114 2412
3910 115 2300
3911 115 1051
3912 115 1860
3913 116 1910
3914 116 1377
3918 118 1359
3919 118 2627
3933 123 1104
3934 124 366
3935 124 1241
3936 125 2578
3937 125 75
3943 128 1455
3947 130 787
3948 130 247
3955 111 1798
3956 99 1020
3957 91 1714
3958 91 475
3959 91 446
3964 94 2279
3965 94 218
3966 94 2346
3967 95 2710
3968 96 410
3969 96 1746
3978 109 571
3979 109 453
3980 109 664
3981 101 2168
3982 101 1061
3983 101 1702
3984 102 2221
3985 102 1868
3986 102 516
3987 102 772
3997 107 2235
3998 107 281
3999 107 2278
4002 110 1486
4003 110 1494
4004 110 233
4011 134 1548
4012 134 1731
4020 160 727
4021 160 235
4028 163 882
4029 164 443
4034 167 2331
4035 167 1382
4038 169 2048
4039 169 483
4044 171 1341
4045 171 1262
4050 173 1950
4051 173 1405
4052 174 20
4053 175 408
4054 175 2325
4055 175 2397
4060 154 1379
4061 154 2412
4062 154 2067
4063 154 1436
4068 136 1146
4069 136 726
4072 138 1418
4073 138 85
4074 138 467
4075 139 235
4076 140 1851
4077 140 1118
4084 144 2302
4085 144 2021
4094 148 249
4095 148 1069
4097 150 1968
4098 150 1198
4102 152 1014
4104 176 467
4105 176 287
4106 89 1873
4107 89 1696
4108 87 2635
4109 24 352
4110 24 186
4111 25 1250
4112 25 2391
4113 26 2009
4114 26 1124
4133 34 1856
4134 34 2068
4135 34 1284
4141 37 580
4142 37 2644
4143 37 1725
4147 39 499
4148 39 1632
4158 10 593
4159 10 2615
4168 6 2493
4169 6 590
4172 8 2013
4173 8 1238
4174 8 1281
4175 8 730
4179 11 2423
4180 11 2648
4181 11 2121
4182 20 174
4183 20 1673
4191 14 862
4192 14 677
4193 14 518
4198 17 2265
4199 18 1465
4200 18 991
4201 18 2328
4202 18 281
4203 19 2474
4204 19 1156
4208 43 841
4209 43 1480
4210 43 1192
4214 45 2251
4216 45 2433
4217 68 482
4218 68 2529
4219 68 2654
4225 71 464
4226 72 1360
4227 72 1942
4231 74 2232
4232 74 1133
4233 75 1437
4240 78 2104
4249 82 559
4250 82 1169
4251 82 622
4252 83 1913
4253 83 163
4254 83 455
4255 84 430
4256 84 2595
4257 85 237
4258 85 138
4265 66 1378
4266 66 2123
4272 46 1515
4273 46 330
4274 47 1443
4275 47 1441
4276 48 619
4277 48 217
4279 49 201
4280 49 193
4284 51 1958
4285 51 1065
4286 51 2614
4287 52 877
4288 52 419
4289 53 1401
4290 53 1750
4291 53 2701
4294 64 1343
4295 64 1643
4296 64 2607
4297 56 1556
4298 56 2113
4299 56 453
4300 57 1289
4301 57 1430
4309 61 473
4310 61 1790
4313 63 2068
4314 63 1458
4315 63 2226
4317 178 2169
4318 178 2259
4319 178 1979
4333 294 579
4334 294 551
4335 294 2347
4342 297 1977
4353 303 619
4354 303 2316
4355 303 371
4359 305 1839
4360 305 439
4363 307 630
4364 308 1981
4365 308 152
4366 290 580
4367 290 1797
4368 290 1400
4375 277 1210
4376 277 845
4380 270 205
4381 270 1061
4382 271 1445
4383 271 2706
4386 273 566
4387 273 2189
4388 273 1779
4389 273 1486
4391 274 2384
4392 274 1650
4393 274 2218
4394 275 1948
4395 275 2263
4396 275 2200
4403 287 732
4404 287 176
4405 287 1727
4406 287 1685
4407 279 1564
4408 279 567
4409 279 1654
4414 281 107
4415 281 1772
4416 281 2328
4417 281 18
4418 282 1209
4419 282 111
4420 284 869
4421 284 778
4428 288 2252
4429 288 2461
4430 310 2607
4431 310 2072
4441 336 849
4442 336 213
4444 337 2616
4460 344 226
4461 344 890
4473 348 1525
4481 352 749
4482 352 2602
4483 353 733
4484 353 1157
4485 334 878
4489 332 2199
4490 332 2427
4494 313 1398
4497 315 1074
4498 315 530
4502 317 1459
4503 317 1522
4506 320 1892
4507 320 1275
4508 320 578
4509 322 1531
4510 322 1263
4518 325 1107
4519 325 2708
4520 325 622
4527 329 1385
4528 329 799
4529 329 2684
4530 330 1297
4531 330 46
4535 267 1358
4536 267 1362
4537 267 1438
4541 202 382
4544 204 2434
4545 205 1342
4546 205 270
4548 205 535
4558 211 2262
4559 211 1017
4560 211 1405
4566 213 1479
4567 213 336
4568 213 229
4572 216 2297
4573 216 243
4574 216 1565
4575 217 2606
4576 217 48
4577 217 681
4578 217 393
4579 218 1435
4580 218 94
4581 218 1827
4582 218 785
4583 219 2049
4584 219 2406
4585 201 1377
4586 201 49
4587 201 1057
4588 201 1256
4592 200 862
4593 200 2218
4598 180 486
4599 180 2493
4603 182 1913
4612 186 24
4613 186 2254
4614 187 1020
4615 187 1695
4616 187 765
4617 189 2404
4618 189 847
4619 189 888
4627 192 1074
4628 192 1165
4629 192 2182
4630 192 2425
4631 193 2435
4632 193 49
4634 195 1507
4637 197 840
4638 197 1678
4639 197 1917
4648 223 2671
4649 223 2626
4650 223 2004
4654 247 130
4657 249 2211
4658 249 148
4661 251 880
4662 251 497
4663 252 483
4675 257 2698
4676 257 1577
4677 257 805
4678 258 1086
4679 258 671
4680 259 2058
4681 259 1410
4696 245 2204
4697 245 1922
4701 243 1358
4702 243 1990
4709 226 795
4716 229 555
4719 231 1174
4720 231 1672
4721 231 2423
4722 233 110
4723 233 2154
4724 242 1431
4725 242 1157
4726 234 535
4727 234 300
4728 235 139
4729 235 1231
4730 235 160
4734 237 85
4735 237 437
4744 241 872
4745 241 752
4746 241 596
4750 712 2212
4751 712 2560
4752 712 2716
4753 712 2267
4755 714 1342
4756 714 2385
4758 1184 1969
4759 1184 1567
4760 1185 2021
4761 1185 2571
4762 1185 866
4763 1186 1579
4764 1186 75
4766 1188 1289
4767 1188 2225
4769 1190 1837
4770 1190 622
4771 1192 1911
4772 1192 43
4773 1192 2675
4774 1201 1388
4775 1201 1983
4776 1193 2678
4777 1193 1369
4791 1198 395
4803 1181 1457
4804 1181 1915
4805 1181 666
4806 1169 82
4807 1169 837
4808 1169 1519
4809 1169 821
4810 1161 1344
4811 1161 1607
4812 1161 1025
4820 1164 1734
4821 1165 2727
4822 1165 192
4823 1165 1305
4832 1179 1069
4833 1179 1547
4834 1179 1099
4838 1173 1429
4839 1173 182
4840 1173 2711
4841 1174 231
4842 1174 530
4843 1174 634
4846 1176 2319
4847 1176 1307
4848 1176 832
4872 1231 235
4873 1231 1939
4874 1231 1677
4875 1231 1848
4884 1235 2191
4885 1235 2029
4886 1236 2113
4887 1236 409
4888 1236 1514
4889 1237 1451
4890 1237 2195
4891 1238 1605
4892 1238 8
4893 1238 1509
4894 1238 2469
4896 1241 124
4897 1241 2009
4898 1241 2031
4907 1226 1626
4908 1226 1921
4909 1226 1312
4910 1225 24
4911 1224 288
4912 1224 72
4925 1208 674
4926 1208 654
4927 1208 421
4928 1209 2373
4929 1210 995
4930 1210 2118
4931 1210 1886
4932 1211 710
4933 1211 2546
4948 1217 649
4949 1217 1451
4950 1218 271
4951 1218 1379
4952 1218 2360
4953 1219 1719
4956 1221 662
4957 1221 2347
4966 1157 353
4967 1157 242
4968 1157 2215
4983 1099 1179
4984 1099 2594
4985 1099 2300
4986 1100 2714
4987 1100 1851
4993 1104 1526
4994 1104 1483
4998 1106 64
4999 1106 1343
5000 1106 2343
5001 1107 325
5002 1107 1633
5003 1107 2360
5005 1108 1391
5006 1108 1422
5007 1109 659
5008 1109 887
5011 1111 1894
5012 1111 1219
5018 1092 2165
5019 1092 1607
5020 1080 720
5021 1080 1020
5022 1080 1961
5023 1072 2151
5024 1072 2715
5029 1074 2552
5030 1074 192
5031 1074 315
5036 1077 1676
5040 1079 2637
5041 1079 2279
5042 1079 1400
5043 1081 2417
5044 1081 767
5045 1081 662
5048 1082 2133
5049 1082 763
5050 1082 1340
5051 1083 657
5052 1083 1381
5053 1083 1057
5059 1086 2376
5061 1086 258
5062 1087 357
5063 1087 2611
5064 1088 2383
5065 1088 518
5069 1091 2440
5070 1091 1445
5071 1113 2462
5072 1113 772
5087 1143 628
5088 1143 646
5089 1144 2531
5090 1144 2181
5092 1146 525
5093 1146 136
5097 1148 842
5098 1148 164
5115 1156 356
5116 1156 19
5117 1156 1401
5118 1137 1564
5119 1137 567
5120 1137 1954
5121 1136 2309
5122 1136 2276
5123 1136 2611
5124 1135 441
5125 1124 124
5126 1124 695
5131 1118 2542
5134 1120 1743
5135 1120 95
5136 1120 1779
5143 1125 357
5144 1125 419
5145 1125 2269
5146 1134 118
5147 1134 1596
5156 1130 51
5157 1130 838
5158 1131 2569
5159 1131 1338
5160 1131 83
5164 1133 74
5165 1133 1345
5166 1133 491
5167 1158 2262
5168 1158 2031
5171 1248 1784
5172 1248 2035
5177 1362 267
5178 1362 1867
5186 1365 2569
5187 1365 554
5188 1365 1915
5191 1367 1943
5192 1367 522
5194 1369 803
5195 1369 1193
5196 1369 1835
5205 1373 450
5206 1373 87
5214 1377 201
5215 1377 2221
5216 1377 116
5217 1378 2223
5218 1378 2265
5219 1379 1051
5220 1379 1218
5221 1379 154
5222 1360 2252
5223 1360 1894
5224 1360 1219
5225 1359 118
5226 1359 1224
5227 1359 2375
5228 1358 243
5229 1358 267
5230 1347 1415
5231 1347 387
5234 1340 1298
5235 1340 310
5236 1341 1669
5237 1341 171
5238 1342 2385
5239 1342 205
5240 1342 676
5241 1343 64
5242 1343 1106
5243 1343 421
5244 1344 480
5245 1345 2644
5246 1345 1133
5257 1350 491
5258 1351 2584
5259 1351 851
5260 1352 2719
5261 1352 2001
5262 1352 2031
5265 1354 2468
5266 1354 1315
5270 1356 1744
5271 1356 863
5275 1382 167
5276 1382 666
5277 1425 1420
5278 1425 686
5279 1383 2319
5280 1383 2342
5281 1383 1928
5282 1406 754
5289 1410 2681
5298 1415 1056
5299 1416 1299
5300 1416 2548
5301 1416 1853
5302 1416 630
5305 1418 138
5306 1418 1928
5307 1419 985
5308 1419 1281
5309 1419 730
5310 1420 803
5311 1420 1425
5312 1420 1835
5313 1421 882
5314 1421 1853
5316 1422 1329
5317 1422 1108
5323 1405 173
5324 1405 211
5325 1404 2605
5329 1384 1464
5330 1384 1438
5331 1385 1588
5332 1385 329
5333 1386 2507
5334 1386 590
5335 1386 2179
5339 1388 2445
5340 1388 1557
5341 1389 1523
5342 1390 2181
5343 1390 985
5344 1390 424
5345 1391 2148
5346 1391 1108
5347 1393 2413
5348 1393 2429
5349 1393 663
5360 1398 1532
5361 1398 2131
5362 1398 1927
5366 1400 1079
5367 1400 290
5368 1401 53
5369 1401 1156
5370 1401 1488
5371 1401 856
5372 1338 1382
5373 1338 666
5374 1337 1814
5375 1337 2365
5380 1272 1282
5381 1272 2461
5382 1273 2165
5383 1273 482
5386 1275 320
5387 1275 2593
5388 1276 468
5389 1276 2179
5392 1278 1443
5393 1278 2661
5398 1281 1419
5399 1281 2672
5400 1281 2415
5401 1281 8
5403 1282 1770
5404 1282 1734
5405 1282 1272
5406 1282 1942
5410 1284 34
5411 1284 2364
5412 1284 2498
5416 1286 2360
5421 1289 841
5422 1289 57
5423 1289 1188
5424 1289 778
5433 1258 1923
5434 1250 890
5435 1250 1867
5436 1251 2184
5437 1251 2576
5443 1254 2534
5444 1254 1677
5445 1254 669
5449 1256 1910
5450 1256 735
5451 1256 201
5463 1261 1381
5464 1261 2342
5465 1261 1928
5466 1262 171
5467 1262 663
5468 1263 1823
5469 1264 1657
5470 1264 2663
5483 1291 2448
5497 1320 2336
5498 1320 2060
5499 1321 2297
5500 1321 589
5501 1322 658
5502 1322 2438
5503 1323 275
5517 1329 1763
5518 1329 2619
5519 1329 1422
5520 1330 2127
5521 1330 2672
5522 1331 52
5523 1331 528
5526 1333 637
5527 1333 478
5531 1315 1354
5532 1315 2673
5537 1302 163
5538 1302 455
5539 1294 2564
5540 1294 2630
5544 1296 637
5545 1296 694
5546 1297 2606
5547 1297 330
5548 1297 1866
5549 1298 2228
5550 1299 1771
5551 1299 1416
5558 1303 1689
5559 1303 1107
5560 1312 1226
5561 1304 2279
5562 1304 596
5563 1305 1165
5564 1305 2619
5565 1305 1761
5569 1307 1928
5570 1307 1176
5571 1307 2319
5572 1308 482
5573 1308 2035
5579 1311 803
5580 1311 1754
5581 1071 1469
5582 1071 585
5583 1381 1261
5584 1381 2210
5585 1381 1083
5599 828 2568
5600 829 2013
5601 829 628
5602 829 454
5603 829 1509
5606 831 547
5607 831 1954
5608 832 1761
5609 832 1176
5620 837 686
5621 837 861
5622 837 1169
5623 837 1519
5624 838 1065
5625 839 2092
5626 840 197
5627 840 1669
5628 841 1740
5629 841 43
5630 841 2121
5631 841 1289
5632 842 2179
5633 842 164
5636 825 1655
5637 825 1921
5638 825 2716
5639 834 1679
5640 834 2072
5648 805 257
5650 806 873
5651 807 2168
5652 807 368
5653 808 1535
5654 808 2251
5655 808 2093
5667 814 1520
5668 815 1337
5675 818 2438
5676 818 25
5677 819 2417
5678 819 1681
5679 819 1641
5682 821 1169
5683 821 2471
5684 821 2178
5687 845 474
5688 845 277
5692 847 189
5693 847 1664
5694 870 2661
5695 870 595
5696 871 2286
5697 871 463
5698 872 357
5699 872 241
5700 873 806
5701 873 1702
5710 877 798
5711 877 419
5712 878 334
5713 878 2308
5714 878 2419
5716 880 1681
5717 880 1891
5718 880 991
5719 880 251
5723 882 1297
5724 882 1421
5725 882 652
5738 887 541
5739 888 189
5740 888 2690
5741 888 2482
5742 869 1751
5743 869 497
5744 869 2225
5745 869 284
5748 867 2030
5749 867 2058
5750 867 2100
5751 856 1401
5752 856 2188
5753 848 2691
5754 848 1022
5756 849 229
5757 849 1980
5760 851 2534
5761 851 1351
5771 855 1669
5772 855 2595
5773 855 1678
5774 857 408
5775 857 1496
5776 866 541
5777 866 2494
5778 866 1185
5779 866 2524
5788 861 517
5789 861 818
5790 861 2012
5791 862 200
5792 862 2568
5793 862 14
5794 863 2637
5795 863 1356
5799 803 1420
5800 803 1311
5801 803 1369
5813 738 2589
5814 738 815
5815 739 507
5816 739 2284
5817 739 1823
5821 741 478
5822 741 2142
5823 741 2490
5824 742 1158
5835 749 1588
5836 749 1893
5842 752 2723
5843 752 1384
5847 754 508
5848 754 2206
5856 735 1256
5873 720 2195
5874 720 1080
5881 724 357
5882 724 361
5883 733 353
5884 733 2251
5885 733 1535
5889 726 2490
5890 726 1922
5891 726 136
5892 727 2104
5893 727 463
5894 727 160
5898 729 2701
5899 730 1419
5900 730 8
5903 732 2107
5904 732 287
5913 781 1449
5914 781 857
5922 785 1577
5923 785 578
5924 785 218
5925 785 2346
5928 787 2066
5929 787 130
5937 792 559
5938 792 1835
5944 795 1592
5945 795 1201
5946 796 2229
5947 796 1663
5948 796 1895
5949 797 2448
5950 797 2181
5951 798 877
5952 798 1779
5953 798 2269
5954 799 603
5955 799 329
5963 778 1289
5964 778 284
5965 778 1685
5966 767 648
5967 767 698
5968 767 1081
5981 763 537
5984 765 2688
5985 765 187
5989 768 2622
5990 768 1557
6002 772 2292
6003 772 102
6004 772 1113
6007 774 2248
6008 775 2684
6009 775 2328
6014 890 658
6018 892 2117
6019 892 1801
6028 1007 1693
6029 1007 2577
6030 1008 2626
6031 1008 445
6038 1012 2169
6039 1012 2460
6040 1012 2673
6043 1014 1278
6050 1017 2258
6053 1019 2207
6054 1020 1080
6055 1020 99
6056 1020 187
6057 1022 848
6058 1022 410
6059 1003 2071
6060 1003 2395
6062 990 2618
6063 990 2680
6064 990 2396
6070 985 2610
6071 985 1819
6072 985 1390
6073 985 1419
6074 986 774
6075 987 420
6076 987 656
6077 987 2476
6079 989 508
6080 989 529
6082 991 2057
6083 991 2278
6084 991 880
6085 991 18
6086 1000 52
6087 1000 2597
6093 995 1987
6094 995 1210
6095 995 554
6102 999 2126
6103 999 2154
6104 999 2451
6109 1025 1161
6110 1025 2036
6111 1025 575
6124 1051 1738
6125 1051 115
6126 1051 1379
6133 1054 1856
6134 1054 1551
6137 1056 2000
6138 1056 1100
6139 1057 201
6140 1057 1083
6149 1061 101
6150 1061 270
6154 1065 2307
6155 1943 1066
6156 1066 2521
6157 1067 361
6158 1067 1021
6159 1066 1067
6160 2521 1048
6161 1048 1502
6162 1047 175
6163 1021 1047
6164 1048 1047
6165 408 2005
6166 1046 2540
6167 1035 1046
6168 1225 1035
6169 1035 1027
6170 1027 1046
6171 1027 1506
6172 1028 2005
6173 1028 2586
6174 2181 1028
6175 1607 1029
6176 1029 2690
6177 1161 1030
6178 1030 888
6179 1029 1030
6180 1491 1031
6181 1031 2702
6182 2120 1033
6183 1033 1032
6184 1032 2528
6185 1491 1033
6186 1032 1031
6187 1569 1034
6188 1034 2201
6189 1034 1036
6190 1036 1569
6191 1036 2387
6192 513 1045
6193 1045 1037
6194 1037 530
6195 1074 1037
6196 445 1039
6197 1039 445
6198 1039 1590
6199 1590 1039
6200 1037 1038
6201 1045 1038
6202 1038 1039
6203 1165 1040
6204 1040 2428
6205 2411 1041
6206 1041 569
6207 1040 1041
6208 2679 1042
6209 1042 2559
6210 1041 1042
6211 2345 1043
6212 1043 2166
6213 577 1044
6214 1044 2559
6215 1043 1044
6216 2428 981
6217 981 1672
6218 980 981
6219 1761 980
6220 1176 979
6221 979 1727
6222 980 979
6223 1307 978
6224 978 1135
6225 979 978
6226 1928 915
6227 915 1418
6228 978 915
6229 1381 916
6230 916 2462
6231 915 916
6249 924 662
6250 924 1350
6251 2347 924
6252 107 251
6253 1685 467
6254 2226 933
6255 933 2068
6256 933 925
6257 925 926
6258 459 926
6259 459 927
6260 927 2116
6261 925 927
6262 138 928
6263 85 929
6264 929 2464
6265 928 929
6266 929 930
6267 930 931
6268 931 437
6269 931 173
6282 2564 901
6283 901 1860
6284 901 893
6285 893 1099
6286 893 894
6287 894 2630
6288 894 2594
6289 895 894
6290 1650 895
6291 895 1547
6292 17 896
6293 896 2071
6294 821 896
6295 2395 897
6296 897 2037
6297 2395 898
6298 898 897
6299 397 899
6300 899 20
6301 174 902
6302 902 1351
6303 899 900
6304 911 900
6305 900 902
6306 1351 911
6307 2382 903
6308 903 2584
6309 903 911
6310 1351 904
6311 904 78
6312 1747 905
6313 905 2104
6314 904 905
6315 805 906
6316 906 390
6317 1638 907
6318 907 1564
6319 1954 907
6320 907 906
6321 139 908
6322 908 1679
6323 1848 909
6324 909 654
6325 909 908
6351 2663 1949
6352 1264 963
6353 963 1164
6354 2066 964
6355 964 1077
6356 963 964
6357 964 965
6358 965 1571
6359 1770 965
6370 1061 970
6371 970 1881
6372 787 970
6373 368 971
6374 971 2053
6375 971 136
6376 1682 972
6377 972 814
6378 1217 972
6379 1574 974
6380 974 1296
6381 1941 973
6382 973 637
6383 973 974
6384 1961 2406
6385 2010 976
6386 976 71
6387 2212 976
6388 976 975
6389 975 1655
6390 975 2049
6391 1323 977
6392 977 1312
6393 2117 958
6394 958 1951
6395 977 958
6396 99 957
6397 957 1624
6398 957 1916
6429 928 947
6430 947 772
6431 947 948
6432 947 516
6433 2464 948
6434 948 2292
6435 948 949
6436 949 930
6437 949 2292
6440 2107 952
6441 952 980
6442 951 952
6443 1390 954
6444 954 1143
6445 954 1419
6446 46 2431
6447 2431 1853
6448 2431 630
6449 420 2213
6450 2213 46
6451 2427 420
6452 1063 2427
6453 10 1063
6454 1248 1001
6455 1001 2126
6456 2126 233
6457 233 10
6458 2476 2596
6459 2596 458
6460 458 1493
6461 95 506
6462 95 707
6463 505 1493
6464 1794 1493
6465 307 1794
6466 307 1292
6467 1292 608
6468 1493 1242
6469 1242 1659
6470 2297 267
6471 319 1321
6472 1659 319
6473 1659 1019
6474 591 1581
6475 1565 1581
6476 839 540
6477 1019 1688
6478 591 2207
6479 591 1688
6480 1315 591
6481 1688 2468
6482 2468 2289
6483 791 1315
6484 1993 791
6485 540 277
6486 2710 2250
6487 505 2710
6488 319 505
6489 2207 319
6490 1990 1565
6491 2174 1909
6492 2470 2174
6493 2250 2470
6494 608 1659
6495 1292 1299
6496 798 1438
6497 2269 1384
6498 505 707
6499 1688 839
6500 1886 1382
6501 540 2468
6502 1771 1019
6503 1771 2092
6504 1990 2259
6505 1565 1012
6506 1971 1634
6507 1066 1943
6508 2521 1066
6509 361 1067
6510 1021 1067
6511 1067 1066
6512 1048 2521
6513 1502 1048
6514 175 1047
6515 1047 1021
6516 1047 1048
6517 2005 408
6518 1027 1035
6519 1046 1027
6520 1506 1027
6521 2005 1028
6522 2586 1028
6523 1028 2181
6524 1029 1607
6525 2690 1029
6526 1030 1161
6527 888 1030
6528 1031 1491
6529 2702 1031
6530 1033 2120
6531 1032 1033
6532 2528 1032
6533 1034 1569
6534 2201 1034
6535 1036 1034
6536 1569 1036
6537 2387 1036
6538 1045 513
6539 1037 1045
6540 530 1037
6541 1038 1037
6542 1038 1045
6543 1039 1038
6544 1040 1165
6545 2428 1040
6546 1041 2411
6547 569 1041
6548 1041 1040
6549 1042 2679
6550 2559 1042
6551 1042 1041
6552 1043 2345
6553 2166 1043
6554 1044 577
6555 2559 1044
6556 1044 1043
6557 981 2428
6558 1672 981
6559 981 980
6560 980 1761
6561 979 1176
6562 1727 979
6563 979 980
6564 978 1307
6565 1135 978
6566 978 979
6567 915 1928
6568 1418 915
6569 915 978
6570 916 1381
6571 2462 916
6572 916 915
6588 662 924
6589 1350 924
6590 924 2347
6591 251 107
6592 467 1685
6593 933 2226
6594 2068 933
6595 925 933
6596 926 925
6597 927 459
6598 2116 927
6599 928 138
6600 929 85
6601 2464 929
6602 929 928
6603 930 929
6604 931 930
6605 437 931
6606 173 931
6619 901 2564
6620 1860 901
6621 893 901
6622 1099 893
6623 894 893
6624 2630 894
6625 2594 894
6626 894 895
6627 895 1650
6628 1547 895
6629 896 17
6630 2071 896
6631 896 821
6632 897 2395
6633 2037 897
6634 898 2395
6635 897 898
6636 899 397
6637 20 899
6638 902 174
6639 1351 902
6640 900 899
6641 903 2382
6642 2584 903
6643 911 903
6644 904 1351
6645 78 904
6646 905 1747
6647 2104 905
6648 905 904
6649 906 805
6650 390 906
6651 907 1638
6652 1564 907
6653 907 1954
6654 906 907
6655 908 139
6656 1679 908
6657 909 1848
6658 654 909
6659 908 909
6685 1949 2663
6686 963 1264
6687 1164 963
6688 964 2066
6689 1077 964
6690 964 963
6691 965 964
6692 1571 965
6693 965 1770
6704 970 1061
6705 1881 970
6706 970 787
6707 971 368
6708 2053 971
6709 136 971
6710 972 1682
6711 814 972
6712 972 1217
6713 974 1574
6714 1296 974
6715 973 1941
6716 637 973
6717 974 973
6718 2406 1961
6719 71 976
6720 976 2212
6721 975 976
6722 1655 975
6723 2049 975
6724 977 1323
6725 1312 977
6726 958 2117
6727 1951 958
6728 958 977
6729 957 99
6730 1624 957
6731 1916 957
6761 947 928
6762 772 947
6763 948 947
6764 948 2464
6765 2292 948
6766 949 948
6767 930 949
6768 2292 949
6771 952 2107
6772 980 952
6773 952 951
6774 954 1390
6775 1143 954
6776 1419 954
6777 2431 46
6778 1853 2431
6779 630 2431
6780 2596 2476
6781 458 2596
6782 1493 458
6783 1493 505
6784 1493 1794
6785 1794 307
6786 1292 307
6787 608 1292
6788 1242 1493
6789 1659 1242
6790 267 2297
6791 1321 319
6792 319 1659
6793 1019 1659
6794 1581 591
6795 1581 1565
6796 540 839
6797 1659 608
6798 1438 798
6799 1384 2269
6800 707 505
6801 1382 1886
6802 2468 540
6803 2092 1771
6804 2259 1990
6805 1012 1565
6806 1634 1971
6807 953 954
6808 1486 953
6809 953 951
6810 951 947
6811 947 950
6812 1909 2174
6813 2174 2470
6814 2470 2250
6815 2250 2710
6816 2710 505
6817 505 319
6818 319 2207
6819 1688 1019
6820 2207 591
6821 591 1315
6822 2468 1688
6823 2289 2468
6824 1315 791
6825 791 1993
6826 364 2289
6827 1744 1356
6828 1356 1496
6829 1496 857
6830 857 2622
6831 2622 768
6832 768 2540
6833 2540 1046
6834 1046 1035
6835 1035 1225
6836 1225 2448
6837 2448 1291
6838 1291 2610
6839 954 953
6840 953 1486
6841 951 953
6842 947 951
6843 950 947
8000 4030 2266
8001 4030 84
8005 4044 1221
8006 4044 648
8007 4028 1825
8011 4017 1931
8012 4017 1747
8023 4022 2220
8024 4022 2348
8025 4022 702
8028 4052 1759
8029 4052 2004
8030 4036 2213
8031 4036 330
8032 4036 2018
8057 4158 337
8058 4158 1811
8059 4158 1854
8060 4159 862
8061 4159 828
8062 4168 200
8063 4168 677
8066 4243 1528
8067 4243 2422
8068 4250 2182
8069 4250 604
8070 4239 464
8071 4239 123
8072 4249 2282
8073 4249 2627
8074 4249 2461
8075 4249 1662
8076 4248 1573
8077 4248 435
8078 4245 17
8079 4244 2135
8080 4244 247
8086 4207 1237
8087 4207 99
8092 4225 1647
8093 4225 2671
8094 4225 1235
8095 4089 1772
8096 4089 775
8100 4094 2142
8101 4094 144
8102 4096 1164
8103 4096 1077
8114 4134 1678
8115 4134 430
8116 4141 1345
8117 4142 878
8118 4145 2384
8121 4107 374
8122 4107 116
8123 4108 1425
8124 4108 792
8125 4110 1769
8126 4110 2254
8127 4110 186
8128 4113 2698
8132 4118 353
8133 4118 2433
8138 4123 2161
8143 4114 2628
8144 4105 1949
8145 4105 402
8149 4128 831
8152 4129 2267
8153 4129 1951
8154 4148 2300
8155 4148 148
8156 4146 1722
8157 4146 765
8158 4146 1624
8159 4132 2633
8160 4132 1389
8164 4072 1574
8183 4216 2364
8184 4216 2498
8187 4212 2521
8188 4212 2054
8189 4212 1021
8190 4210 1575
8191 4210 1385
8196 4241 2368
8197 4236 2289
8198 4236 791
8199 4236 1354
8200 4232 1839
8201 4232 1426
8202 4232 2325
8203 4232 2556
8208 4177 174
8209 4177 851
8210 4177 1673
8211 4166 593
8212 4166 1063
8213 4166 332
8220 4163 577
8221 4163 2166
8226 4160 1794
8227 4160 608
8228 4160 1242
8233 4200 2311
8234 4190 1091
8235 4190 1738
8236 4187 1660
8237 4187 1895
8243 4040 356
8244 4040 19
8245 4047 1391
8246 4047 193
8247 4034 2227
8248 4034 2343
8249 4034 297
8250 4034 128
8251 4041 569
8252 4045 1087
8253 4045 724
8254 4045 1367
8255 4019 735
8262 4009 1188
8263 4009 1740
8264 4021 729
8265 4021 2129
8268 4051 2644
8269 4051 1725
8270 4051 491
8273 4000 2341
8274 4000 388
8277 4010 1456
8278 4010 2679
8279 4005 2387
8280 4005 1569
8281 4050 1499
8282 4050 799
8283 4035 1193
8284 4035 1311
8288 4025 242
8289 4025 2215
8298 4198 1358
8299 4198 1432
8300 4179 74
8301 4179 1350
8302 4179 635
8310 4171 1749
8311 4171 2482
8312 4171 847
8315 4174 313
8316 4202 1457
8317 4202 1421
8318 4202 2076
8320 4235 1999
8321 4238 2462
8322 4238 1057
8323 4228 1520
8324 4228 1847
8325 4215 176
8326 4215 237
8327 4215 284
8330 4208 1605
8331 4208 1852
8336 4223 2528
8337 4223 2702
8341 4181 2713
8342 4181 2304
8343 4181 2124
8344 4152 1743
8345 4152 2470
8348 4085 834
8349 4059 2057
8350 4059 1641
8355 4067 2229
8356 4067 1663
8373 4137 1892
8374 4137 578
8375 4153 2344
8376 4153 1638
8387 4124 1333
8388 4124 2087
8389 4053 1756
8397 4147 1692
8398 4147 348
8399 4144 1344
8400 4144 1092
8405 4140 1950
8406 4140 2464
8407 4135 2013
8408 4135 628
8409 4135 730
8413 4131 806
8414 4131 1776
8415 4104 603
8416 4104 1330
8419 4077 1730
8420 4077 1650
8421 4077 1294
8425 4064 139
8426 4064 552
8429 4060 1800
8430 4060 2389
8434 4056 1845
8435 4056 1003
8436 4056 2178
8437 4055 2675
8444 4098 180
8445 4098 842
8446 4098 2507
8454 4093 2540
8455 4093 1506
8456 4090 614
8457 4090 11
8462 4086 1629
8463 4086 787
8467 4081 2471
8468 4081 397
8472 4224 1146
8473 4224 807
8474 4224 2053
8475 4222 814
8476 4222 1478
8477 4221 1436
8478 4220 305
8479 4220 1144
8482 4218 720
8483 4218 136
8484 4217 334
8485 4217 2311
8486 4205 2345
8487 4205 832
8488 4230 1677
8489 4230 160
8490 4247 61
8491 4246 2036
8493 4234 1418
8494 4234 1135
8497 4170 1941
8498 4170 1296
8501 4197 1697
8502 4197 219
8503 4196 251
8504 4196 2278
8505 4195 2682
8506 4195 96
8507 4194 1435
8508 4193 2625
8509 4193 2618
8515 4185 1518
8516 4185 2367
8517 4185 2614
8518 4180 840
8519 4180 171
8520 4180 1262
8537 4029 732
8538 4029 1685
8539 4029 57
8599 4024 2165
8600 4024 2690
8601 4024 1870
8602 4082 901
8603 4082 114
9000 1895 5217
9004 1892 5007
9006 1941 5064
9008 1949 5225
9009 1950 5021
9010 1951 5229
9016 1931 5165
9017 1825 5163
9021 1811 5124
9025 1794 5198
9027 1800 5095
9029 1847 5051
9031 1852 5054
9032 1854 5124
9034 1839 5219
9036 1845 5097
9038 2076 5047
9041 2087 5014
9043 2053 5113
9044 2054 5245
9045 2057 5024
9050 2124 5058
9051 2129 5215
9055 2135 5130
9060 1999 5049
9065 2004 5173
9067 2036 5092
9070 2013 5022
9071 2018 5174
9074 1692 5019
9076 1518 5073
9077 1520 5051
9078 1528 5154
9081 1569 5032
9084 1573 5128
9085 1574 5235
9086 1575 5246
9089 1456 5031
9090 1457 5047
9093 1432 5040
9094 1435 5069
9095 1436 5115
9099 1499 5029
9102 1506 5105
9105 1478 5114
9110 1605 5054
9112 1722 5231
9116 1725 5125
9118 1697 5066
9120 1738 5203
9124 1769 5151
9125 1772 5136
9126 1776 5023
9128 1759 5173
9129 1747 5165
9130 1740 5214
9131 1743 5030
9133 1749 5045
9134 1756 5015
9138 1629 5109
9140 1638 5008
9141 1641 5024
9143 1624 5231
9144 1647 5135
9145 1673 5190
9146 1677 5121
9147 1678 5144
9148 1685 5081
9151 1650 5060
9153 1660 5217
9155 1662 5127
9156 1663 5004
9159 2540 5105
9163 2521 5245
9164 2528 5056
9172 2464 5021
9173 2470 5030
9174 2471 5111
9175 2462 5050
9176 2461 5127
9180 2507 5102
9185 2498 5243
9188 2702 5056
9190 2675 5098
9191 2679 5031
9192 2713 5058
9193 2671 5135
9195 2618 5070
9196 2625 5070
9197 2627 5127
9201 2633 5232
9204 2644 5125
9207 2215 5036
9209 2220 5185
9210 2227 5208
9211 2278 5067
9212 2282 5127
9213 2254 5151
9214 2266 5160
9215 2267 5229
9217 2213 5174
9220 2142 5138
9225 2178 5097
9226 2182 5153
9228 2289 5234
9229 2389 5095
9231 2387 5032
9232 2384 5147
9234 2422 5154
9236 2368 5220
9237 2433 5187
9238 2367 5073
9240 2325 5219
9243 2300 5230
9245 2348 5185
9246 2345 5120
9247 2341 5123
9248 2344 5008
9250 2343 5208
9252 2364 5243
9253 2304 5058
9255 2311 5119
9256 2311 5201
9260 2166 5195
9262 2161 5221
9264 2229 5004
9267 2614 5073
9268 2628 5224
9269 2682 5068
9270 2698 5152
9272 2482 5045
9276 2556 5219
9277 1730 5060
9278 1426 5219
9283 464 5126
9285 491 5125
9291 397 5111
9293 388 5123
9296 374 5149
9300 430 5144
9301 435 5128
9304 402 5225
9311 648 5162
9314 628 5022
9315 635 5041
9319 702 5185
9321 677 5156
9324 569 5209
9327 552 5062
9328 577 5195
9329 578 5007
9330 603 5025
9331 604 5153
9333 608 5198
9335 614 5106
9337 593 5191
9339 356 5206
9341 116 5149
9342 123 5126
9343 128 5208
9345 99 5132
9347 96 5068
9351 160 5121
9353 171 5074
9354 174 5190
9357 136 5118
9359 139 5062
9360 144 5138
9364 148 5230
9365 176 5052
9371 11 5106
9373 17 5129
9374 19 5206
9376 74 5041
9377 84 5160
9380 57 5081
9382 61 5093
9386 297 5208
9387 305 5116
9388 284 5052
9389 337 5124
9390 348 5019
9392 353 5187
9393 334 5119
9395 332 5191
9396 313 5046
9399 330 5174
9400 219 5066
9401 200 5156
9402 180 5102
9403 186 5151
9405 193 5207
9407 247 5130
9408 251 5067
9413 242 5036
9414 237 5052
9415 1188 5214
9416 1193 5034
9419 1164 5139
9424 1235 5135
9425 1237 5132
9426 1242 5198
9430 1221 5162
9431 1092 5020
9432 1077 5139
9435 1087 5210
9436 1091 5203
9440 1144 5116
9441 1146 5113
9443 1135 5090
9450 1367 5210
9452 1358 5040
9453 1344 5020
9454 1345 5145
9456 1350 5041
9457 1354 5234
9458 1425 5150
9461 1418 5090
9462 1421 5047
9465 1385 5246
9466 1389 5232
9467 1391 5207
9474 1262 5074
9480 1330 5025
9482 1333 5014
9483 1294 5060
9484 1296 5064
9486 1311 5034
9488 828 5184
9489 831 5227
9490 832 5120
9492 840 5074
9493 842 5102
9495 834 5028
9496 806 5023
9497 807 5113
9500 814 5114
9503 847 5045
9504 878 5146
9506 851 5190
9508 862 5184
9512 735 5211
9515 720 5118
9516 724 5210
9518 729 5215
9519 730 5022
9521 732 5081
9523 787 5109
9525 791 5234
9526 792 5150
9527 799 5029
9529 765 5231
9531 775 5136
9534 1021 5245
9535 1003 5097
9539 1057 5050
9542 1063 5191
9599 2690 5159
9600 2165 5159
9601 1870 5159
9602 673 5159
9603 901 5158
9604 114 5158
